-0.26105 0.03968 0.00402
-0.26098 0.03847 0.00369
-0.26091 0.03706 0.00334
-0.26083 0.03541 0.00298
-0.26076 0.03347 0.00261
-0.26069 0.03111 0.00224
-0.26061 0.02807 0.00186
-0.26054 0.02367 0.00147
-0.26046 0.01544 0.00104
-0.26039 0.02128 2.28343E-4
-0.26032 0.01905 6.73752E-5
-0.26024 0.01498 2.04567E-5
-0.26017 0.01318 5.05953E-6
-0.2601 0.01204 4.39341E-6
-0.26002 0.01119 1.1173E-5
-0.25995 0.01049 2.06609E-5
-0.25988 0.00989 2.93782E-5
-0.2598 0.00934 2.92802E-5
-0.25973 0.00884 1.84527E-5
-0.25966 0.00836 3.27819E-5
-0.25958 0.00789 4.48434E-5
-0.25951 0.00742 5.86345E-5
-0.25944 0.00693 7.94538E-5
-0.25936 0.00643 3.30817E-4
-0.25929 0.00589 5.11744E-4
-0.25921 0.00531 6.00386E-4
-0.25914 0.00468 7.19119E-4
-0.25907 0.00398 9.54045E-4
-0.25899 0.00322 0.00156
-0.25892 0.00241 0.0051
-0.25885 0.00159 2.68098E-4
-0.25877 8.46693E-4 0.00169
-0.2587 2.87679E-4 0.00456
-0.25863 5.90385E-5 0.00818
-0.25855 3.46997E-4 0.01395
-0.25848 0.00163 0.02366
-0.25841 0.00743 0.03302
-0.25833 0.00864 0.04093
-0.25826 0.00921 0.05138
-0.25819 0.0096 0.06432
-0.25811 0.00989 0.0798
-0.25804 0.01013 0.09725
-0.25796 0.01031 0.11456
-0.25789 0.01043 0.12764
-0.25782 0.01051 0.13152
-0.25774 0.01054 0.12389
-0.25767 0.01052 0.10738
-0.2576 0.01045 0.08736
-0.25752 0.01033 0.06817
-0.25745 0.01018 0.05179
-0.25738 0.00999 0.03849
-0.2573 0.00978 0.02777
-0.25723 0.00955 0.01886
-0.25716 0.00931 0.01066
-0.25708 0.00906 5.19152E-4
-0.25701 0.0088 5.35492E-4
-0.25694 0.00855 6.74781E-4
-0.25686 0.00831 8.88269E-4
-0.25679 0.00807 0.00122
-0.25671 0.00784 0.00173
-0.25664 0.00762 0.00255
-0.25657 0.00741 0.00385
-0.25649 0.00721 0.00592
-0.25642 0.00702 0.0091
-0.25635 0.00684 0.01348
-0.25627 0.00667 0.01826
-0.2562 0.00651 0.02164
-0.25613 0.00636 0.02269
-0.25605 0.00622 0.02231
-0.25598 0.00609 0.02185
-0.25591 0.00597 0.02224
-0.25583 0.00586 0.0241
-0.25576 0.00575 0.02846
-0.25569 0.00566 0.03782
-0.25561 0.00557 0.05393
-0.25554 0.00549 0.02814
-0.25546 0.00542 0.0188
-0.25539 0.00536 0.01334
-0.25532 0.0053 0.00967
-0.25524 0.00525 0.00708
-0.25517 0.0052 0.00522
-0.2551 0.00517 0.00385
-0.25502 0.00513 0.00283
-0.25495 0.00511 0.00185
-0.25488 0.00509 0.00155
-0.2548 0.00507 0.00114
-0.25473 0.00506 8.25938E-4
-0.25466 0.00506 5.97668E-4
-0.25458 0.00506 4.32796E-4
-0.25451 0.00506 3.19763E-4
-0.25444 0.00507 2.53861E-4
-0.25436 0.00509 2.40761E-4
-0.25429 0.00511 3.08639E-4
-0.25421 0.00513 5.48561E-4
-0.25414 0.00516 0.00126
-0.25407 0.00518 0.00331
-0.25399 0.00521 0.0064
-0.25392 0.00523 0.00501
-0.25385 0.00528 0.00394
-0.25377 0.00535 0.00449
-0.2537 0.00546 0.00418
-0.25363 0.00559 0.004
-0.25355 0.00579 0.00381
-0.25348 0.00636 0.00357
-0.25341 0.00389 0.00328
-0.25333 0.00523 0.00296
-0.25326 0.00551 0.00264
-0.25319 0.00567 0.00241
-0.25311 0.00582 0.002
-0.25304 0.00596 0.00169
-0.25296 0.00612 0.0014
-0.25289 0.00635 0.00112
-0.25282 0.00727 9.38184E-4
-0.25274 0.00917 0.00214
-0.25267 0.0099 0.00291
-0.2526 0.01031 0.00367
-0.25252 0.01053 0.00451
-0.25245 0.01055 0.00553
-0.25238 0.01013 0.00711
-0.2523 0.01035 0.00807
-0.25223 0.01091 0.00766
-0.25216 0.01147 0.00972
-0.25208 0.01204 0.01061
-0.25201 0.01261 0.01162
-0.25194 0.01319 0.01278
-0.25186 0.01379 0.01413
-0.25179 0.0144 0.01572
-0.25171 0.01503 0.01761
-0.25164 0.01568 0.01989
-0.25157 0.01634 0.02268
-0.25149 0.01703 0.02615
-0.25142 0.01773 0.03054
-0.25135 0.01845 0.03616
-0.25127 0.01919 0.04338
-0.2512 0.01995 0.0525
-0.25113 0.02073 0.06354
-0.25105 0.02152 0.07568
-0.25098 0.02236 0.08705
-0.25091 0.03192 0.09695
-0.25083 0.02424 0.09735
-0.25076 0.02503 0.09704
-0.25069 0.02582 0.09433
-0.25061 0.02665 0.09101
-0.25054 0.02748 0.088
-0.25046 0.02831 0.08562
-0.25039 0.02913 0.08383
-0.25032 0.02991 0.08236
-0.25024 0.03066 0.08053
-0.25017 0.03137 0.07725
-0.2501 0.03202 0.07593
-0.25002 0.03261 0.07483
-0.24995 0.03313 0.07374
-0.24988 0.03356 0.07256
-0.2498 0.03389 0.07004
-0.24973 0.03413 0.06971
-0.24966 0.03427 0.06778
-0.24958 0.0343 0.0654
-0.24951 0.03422 0.06224
-0.24944 0.03403 0.05845
-0.24936 0.03374 0.05701
-0.24929 0.03334 0.05628
-0.24921 0.03286 0.05426
-0.24914 0.03229 0.05153
-0.24907 0.03164 0.04848
-0.24899 0.03093 0.04527
-0.24892 0.03017 0.04205
-0.24885 0.02937 0.03896
-0.24877 0.02854 0.0362
-0.2487 0.02769 0.03392
-0.24863 0.02686 0.03225
-0.24855 0.02605 0.03129
-0.24848 0.02529 0.03109
-0.24841 0.0246 0.03163
-0.24833 0.02397 0.03288
-0.24826 0.02336 0.03479
-0.24819 0.02273 0.03732
-0.24811 0.02206 0.04049
-0.24804 0.02135 0.04432
-0.24796 0.02062 0.04892
-0.24789 0.01989 0.0544
-0.24782 0.01916 0.06078
-0.24774 0.01844 0.06775
-0.24767 0.01772 0.07437
-0.2476 0.01699 0.07941
-0.24752 0.01624 0.08437
-0.24745 0.01541 0.09996
-0.24738 0.01433 0.15379
-0.2473 0.01387 0.30688
-0.24723 0.01436 0.26004
-0.24716 0.01456 0.22816
-0.24708 0.01469 0.20863
-0.24701 0.01479 0.19429
-0.24694 0.01486 0.18301
-0.24686 0.01491 0.17382
-0.24679 0.01495 0.1662
-0.24671 0.01498 0.15978
-0.24664 0.015 0.15431
-0.24657 0.01502 0.14951
-0.24649 0.01504 0.14537
-0.24642 0.01505 0.14207
-0.24635 0.01506 0.13936
