-0.26105 0.00783 0.00107
-0.26098 0.00758 9.86026E-4
-0.26091 0.00728 8.96617E-4
-0.26083 0.00694 8.03495E-4
-0.26076 0.00654 7.08121E-4
-0.26069 0.00606 6.11197E-4
-0.26061 0.00545 5.12309E-4
-0.26054 0.0046 4.08877E-4
-0.26046 0.00314 2.91207E-4
-0.26039 6.04697E-4 6.55938E-5
-0.26032 0.00375 1.98591E-5
-0.26024 0.00275 6.21305E-6
-0.26017 0.00237 1.54425E-6
-0.2601 0.00214 1.17734E-6
-0.26002 0.00197 3.08324E-6
-0.25995 0.00184 5.92941E-6
-0.25988 0.00173 8.82688E-6
-0.2598 0.00163 9.58722E-6
-0.25973 0.00154 8.51281E-6
-0.25966 0.00145 1.45136E-5
-0.25958 0.00137 1.99446E-5
-0.25951 0.00129 2.62551E-5
-0.25944 0.0012 3.52625E-5
-0.25936 0.00112 1.03933E-4
-0.25929 0.00103 1.49592E-4
-0.25921 9.28321E-4 1.71814E-4
-0.25914 8.21912E-4 2.01359E-4
-0.25907 7.04842E-4 2.56685E-4
-0.25899 5.76484E-4 3.89154E-4
-0.25892 4.38607E-4 9.87327E-4
-0.25885 2.97232E-4 0.00176
-0.25877 1.64586E-4 4.28484E-4
-0.2587 6.00123E-5 0.00124
-0.25863 9.22613E-6 0.00227
-0.25855 4.65191E-5 0.00389
-0.25848 2.59619E-4 0.00668
-0.25841 0.00132 0.00965
-0.25833 0.00156 0.01209
-0.25826 0.00168 0.01529
-0.25819 0.00177 0.01922
-0.25811 0.00184 0.02386
-0.25804 0.0019 0.0289
-0.25796 0.00195 0.03357
-0.25789 0.00199 0.03656
-0.25782 0.00202 0.03661
-0.25774 0.00204 0.03352
-0.25767 0.00205 0.02842
-0.2576 0.00205 0.0228
-0.25752 0.00204 0.01765
-0.25745 0.00202 0.01336
-0.25738 0.00199 0.0099
-0.2573 0.00196 0.00712
-0.25723 0.00192 0.00481
-0.25716 0.00188 0.0027
-0.25708 0.00183 1.12621E-4
-0.25701 0.00178 1.05294E-4
-0.25694 0.00174 1.28509E-4
-0.25686 0.00169 1.66442E-4
-0.25679 0.00165 2.26819E-4
-0.25671 0.0016 3.2388E-4
-0.25664 0.00156 4.81468E-4
-0.25657 0.00152 7.3933E-4
-0.25649 0.00148 0.00116
-0.25642 0.00145 0.00183
-0.25635 0.00141 0.00279
-0.25627 0.00138 0.0039
-0.2562 0.00135 0.00476
-0.25613 0.00132 0.00512
-0.25605 0.0013 0.00515
-0.25598 0.00128 0.00515
-0.25591 0.00125 0.00535
-0.25583 0.00123 0.00591
-0.25576 0.00122 0.0071
-0.25569 0.0012 0.00944
-0.25561 0.00119 0.01123
-0.25554 0.00117 0.00632
-0.25546 0.00116 0.00417
-0.25539 0.00115 0.00294
-0.25532 0.00114 0.00213
-0.25524 0.00114 0.00156
-0.25517 0.00113 0.00115
-0.2551 0.00113 8.44328E-4
-0.25502 0.00112 6.21261E-4
-0.25495 0.00112 4.04486E-4
-0.25488 0.00112 3.41867E-4
-0.2548 0.00112 2.50768E-4
-0.25473 0.00112 1.83551E-4
-0.25466 0.00112 1.34702E-4
-0.25458 0.00113 1.00359E-4
-0.25451 0.00113 7.81875E-5
-0.25444 0.00114 6.7481E-5
-0.25436 0.00114 7.00035E-5
-0.25429 0.00115 9.26811E-5
-0.25421 0.00116 1.55862E-4
-0.25414 0.00116 3.18309E-4
-0.25407 0.00117 7.13853E-4
-0.25399 0.00118 0.00118
-0.25392 0.00119 9.16676E-4
-0.25385 0.0012 7.34075E-4
-0.25377 0.00122 6.33471E-4
-0.2537 0.00124 7.91287E-4
-0.25363 0.00127 7.60326E-4
-0.25355 0.00131 7.32018E-4
-0.25348 0.00141 6.94922E-4
-0.25341 0.00226 6.47894E-4
-0.25333 0.00117 5.92432E-4
-0.25326 0.00125 5.34377E-4
-0.25319 0.0013 4.989E-4
-0.25311 0.00133 4.12583E-4
-0.25304 0.00137 3.49845E-4
-0.25296 0.00141 2.90649E-4
-0.25289 0.00146 2.31567E-4
-0.25282 0.00166 1.80174E-4
-0.25274 0.00205 3.96262E-4
-0.25267 0.0022 5.33912E-4
-0.2526 0.00229 6.705E-4
-0.25252 0.00234 8.20934E-4
-0.25245 0.00234 0.001
-0.25238 0.00226 0.00128
-0.2523 0.00231 0.00147
-0.25223 0.00243 0.0014
-0.25216 0.00255 0.00177
-0.25208 0.00267 0.00193
-0.25201 0.00279 0.00211
-0.25194 0.00291 0.00232
-0.25186 0.00304 0.00256
-0.25179 0.00317 0.00285
-0.25171 0.0033 0.00318
-0.25164 0.00343 0.00359
-0.25157 0.00357 0.00408
-0.25149 0.00371 0.0047
-0.25142 0.00386 0.00548
-0.25135 0.00401 0.00649
-0.25127 0.00417 0.00779
-0.2512 0.00432 0.00945
-0.25113 0.00449 0.0115
-0.25105 0.00465 0.01382
-0.25098 0.00483 0.01605
-0.25091 0.00694 0.018
-0.25083 0.00525 0.01828
-0.25076 0.00538 0.01831
-0.25069 0.00554 0.01783
-0.25061 0.00571 0.01719
-0.25054 0.00588 0.01657
-0.25046 0.00605 0.01604
-0.25039 0.00622 0.0156
-0.25032 0.00637 0.0152
-0.25024 0.00652 0.0147
-0.25017 0.00666 0.01399
-0.2501 0.00679 0.01366
-0.25002 0.0069 0.01336
-0.24995 0.007 0.01307
-0.24988 0.00708 0.01277
-0.2498 0.00714 0.01242
-0.24973 0.00717 0.01209
-0.24966 0.00719 0.01168
-0.24958 0.00718 0.01119
-0.24951 0.00715 0.01054
-0.24944 0.00709 0.00974
-0.24936 0.00701 0.00943
-0.24929 0.00691 0.00927
-0.24921 0.0068 0.00889
-0.24914 0.00666 0.00839
-0.24907 0.00651 0.00785
-0.24899 0.00635 0.00728
-0.24892 0.00618 0.00672
-0.24885 0.006 0.00619
-0.24877 0.00582 0.00572
-0.2487 0.00564 0.00534
-0.24863 0.00545 0.00506
-0.24855 0.00528 0.0049
-0.24848 0.00512 0.00487
-0.24841 0.00497 0.00494
-0.24833 0.00484 0.00513
-0.24826 0.00471 0.0054
-0.24819 0.00458 0.00577
-0.24811 0.00443 0.00622
-0.24804 0.00429 0.00675
-0.24796 0.00414 0.00738
-0.24789 0.00399 0.00813
-0.24782 0.00384 0.00903
-0.24774 0.00369 0.01009
-0.24767 0.00355 0.01129
-0.2476 0.0034 0.01251
-0.24752 0.00325 0.01365
-0.24745 0.00309 0.01563
-0.24738 0.00288 0.02272
-0.2473 0.00281 0.05069
-0.24723 0.00291 0.05024
-0.24716 0.00296 0.04564
-0.24708 0.00299 0.04261
-0.24701 0.00301 0.04023
-0.24694 0.00302 0.03824
-0.24686 0.00303 0.03654
-0.24679 0.00304 0.03507
-0.24671 0.00304 0.03381
-0.24664 0.00305 0.03267
-0.24657 0.00305 0.03167
-0.24649 0.00305 0.03078
-0.24642 0.00305 0.03006
-0.24635 0.00305 0.02949
