-0.26105 3.34391E-5 7.76818E-6
-0.26098 3.24922E-5 7.1638E-6
-0.26091 3.13093E-5 6.51874E-6
-0.26083 2.98701E-5 5.84798E-6
-0.26076 2.8123E-5 5.16238E-6
-0.26069 2.59633E-5 4.46714E-6
-0.26061 2.31774E-5 3.75948E-6
-0.26054 1.92782E-5 3.02143E-6
-0.26046 1.28202E-5 2.18536E-6
-0.26039 1.69035E-6 5.74565E-7
-0.26032 1.45928E-5 2.01738E-7
-0.26024 9.44102E-6 7.68869E-8
-0.26017 7.68221E-6 2.37839E-8
-0.2601 6.68814E-6 6.52448E-9
-0.26002 5.99727E-6 8.76494E-9
-0.25995 5.46313E-6 2.2445E-8
-0.25988 5.02322E-6 3.90565E-8
-0.2598 4.64551E-6 4.65502E-8
-0.25973 4.31132E-6 4.27122E-8
-0.25966 4.00857E-6 7.72977E-8
-0.25958 3.72868E-6 1.10801E-7
-0.25951 3.465E-6 1.50894E-7
-0.25944 3.21187E-6 2.08707E-7
-0.25936 2.96403E-6 6.38008E-7
-0.25929 2.71624E-6 9.33123E-7
-0.25921 2.46295E-6 1.08358E-6
-0.25914 2.19827E-6 1.28078E-6
-0.25907 1.91623E-6 1.64161E-6
-0.25899 1.6117E-6 2.48655E-6
-0.25892 1.28267E-6 6.10162E-6
-0.25885 9.34343E-7 9.61687E-5
-0.25877 5.85387E-7 2.73563E-6
-0.2587 2.74748E-7 8.50492E-6
-0.25863 6.67684E-8 1.5804E-5
-0.25855 6.26652E-8 2.74962E-5
-0.25848 5.28191E-7 4.80011E-5
-0.25841 3.73255E-6 7.13323E-5
-0.25833 4.56334E-6 9.08898E-5
-0.25826 5.05163E-6 1.16661E-4
-0.25819 5.46199E-6 1.48551E-4
-0.25811 5.84897E-6 1.85965E-4
-0.25804 6.22673E-6 2.25644E-4
-0.25796 6.59498E-6 2.59782E-4
-0.25789 6.94688E-6 2.77024E-4
-0.25782 7.27292E-6 2.69326E-4
-0.25774 7.56337E-6 2.39387E-4
-0.25767 7.81004E-6 1.98354E-4
-0.2576 8.00748E-6 1.56972E-4
-0.25752 8.1535E-6 1.20893E-4
-0.25745 8.24904E-6 9.14907E-5
-0.25738 8.29767E-6 6.80386E-5
-0.2573 8.30481E-6 4.91545E-5
-0.25723 8.27692E-6 3.33871E-5
-0.25716 8.22081E-6 1.88567E-5
-0.25708 8.14306E-6 6.89853E-7
-0.25701 8.0497E-6 6.55102E-7
-0.25694 7.94601E-6 8.46715E-7
-0.25686 7.83644E-6 1.15959E-6
-0.25679 7.72465E-6 1.66433E-6
-0.25671 7.61355E-6 2.48919E-6
-0.25664 7.50543E-6 3.85112E-6
-0.25657 7.40203E-6 6.11235E-6
-0.25649 7.30463E-6 9.83573E-6
-0.25642 7.21418E-6 1.56938E-5
-0.25635 7.13132E-6 2.38128E-5
-0.25627 7.05645E-6 3.24408E-5
-0.2562 6.98984E-6 3.82573E-5
-0.25613 6.93158E-6 4.0103E-5
-0.25605 6.88169E-6 3.99455E-5
-0.25598 6.8401E-6 4.01063E-5
-0.25591 6.80667E-6 4.20922E-5
-0.25583 6.78124E-6 4.71706E-5
-0.25576 6.76361E-6 5.71964E-5
-0.25569 6.75357E-6 7.41504E-5
-0.25561 6.75087E-6 6.97536E-5
-0.25554 6.75528E-6 3.72527E-5
-0.25546 6.76653E-6 2.49844E-5
-0.25539 6.78439E-6 1.786E-5
-0.25532 6.8086E-6 1.3063E-5
-0.25524 6.83889E-6 9.65443E-6
-0.25517 6.87503E-6 7.17183E-6
-0.2551 6.91677E-6 5.33723E-6
-0.25502 6.96385E-6 3.96193E-6
-0.25495 7.01603E-6 2.59332E-6
-0.25488 7.07308E-6 2.21466E-6
-0.2548 7.13475E-6 1.63823E-6
-0.25473 7.20082E-6 1.20763E-6
-0.25466 7.27106E-6 8.90929E-7
-0.25458 7.34523E-6 6.64652E-7
-0.25451 7.42309E-6 5.14178E-7
-0.25444 7.50441E-6 4.34389E-7
-0.25436 7.58892E-6 4.34496E-7
-0.25429 7.67628E-6 5.53445E-7
-0.25421 7.76608E-6 9.06967E-7
-0.25414 7.85764E-6 1.83141E-6
-0.25407 7.94967E-6 4.14687E-6
-0.25399 8.03874E-6 7.39592E-6
-0.25392 8.10411E-6 6.28375E-6
-0.25385 8.18931E-6 5.12937E-6
-0.25377 8.31944E-6 4.61081E-6
-0.2537 8.49364E-6 5.62925E-6
-0.25363 8.6841E-6 5.58284E-6
-0.25355 8.89841E-6 5.47961E-6
-0.25348 9.17311E-6 5.28127E-6
-0.25341 9.64777E-6 4.98609E-6
-0.25333 1.24414E-5 4.60979E-6
-0.25326 7.99704E-6 4.19903E-6
-0.25319 8.89099E-6 3.93403E-6
-0.25311 9.27688E-6 3.29548E-6
-0.25304 9.58243E-6 2.81827E-6
-0.25296 9.89109E-6 2.35351E-6
-0.25289 1.02728E-5 1.87239E-6
-0.25282 1.14801E-5 1.38245E-6
-0.25274 1.3395E-5 2.86354E-6
-0.25267 1.41192E-5 3.79252E-6
-0.2526 1.45352E-5 4.70449E-6
-0.25252 1.47612E-5 5.70044E-6
-0.25245 1.47948E-5 6.88959E-6
-0.25238 1.44022E-5 8.71989E-6
-0.2523 1.4783E-5 9.90197E-6
-0.25223 1.54306E-5 9.49565E-6
-0.25216 1.60608E-5 1.17995E-5
-0.25208 1.66894E-5 1.28176E-5
-0.25201 1.73223E-5 1.39633E-5
-0.25194 1.79628E-5 1.52746E-5
-0.25186 1.8613E-5 1.67855E-5
-0.25179 1.92744E-5 1.8541E-5
-0.25171 1.99481E-5 2.06037E-5
-0.25164 2.06349E-5 2.30609E-5
-0.25157 2.13353E-5 2.60359E-5
-0.25149 2.20498E-5 2.97032E-5
-0.25142 2.27784E-5 3.4308E-5
-0.25135 2.35211E-5 4.01842E-5
-0.25127 2.42774E-5 4.77551E-5
-0.2512 2.5047E-5 5.7463E-5
-0.25113 2.58304E-5 6.95305E-5
-0.25105 2.66332E-5 8.34556E-5
-0.25098 2.75078E-5 9.74688E-5
-0.25091 3.93204E-5 1.10037E-4
-0.25083 2.98756E-5 1.13333E-4
-0.25076 3.00553E-5 1.14364E-4
-0.25069 3.0746E-5 1.11895E-4
-0.25061 3.1493E-5 1.08124E-4
-0.25054 3.22394E-5 1.04355E-4
-0.25046 3.29664E-5 1.01086E-4
-0.25039 3.36623E-5 9.83179E-5
-0.25032 3.43165E-5 9.57549E-5
-0.25024 3.4919E-5 9.24943E-5
-0.25017 3.54597E-5 8.8048E-5
-0.2501 3.59285E-5 8.59461E-5
-0.25002 3.63155E-5 8.405E-5
-0.24995 3.66117E-5 8.21587E-5
-0.24988 3.68089E-5 8.01796E-5
-0.2498 3.69003E-5 7.88629E-5
-0.24973 3.68808E-5 7.57252E-5
-0.24966 3.67474E-5 7.30397E-5
-0.24958 3.64993E-5 6.9873E-5
-0.24951 3.61382E-5 6.56567E-5
-0.24944 3.56681E-5 5.99548E-5
-0.24936 3.50953E-5 5.70092E-5
-0.24929 3.44283E-5 5.5808E-5
-0.24921 3.3677E-5 5.34174E-5
-0.24914 3.28528E-5 5.02976E-5
-0.24907 3.19678E-5 4.68546E-5
-0.24899 3.10346E-5 4.33232E-5
-0.24892 3.00661E-5 3.98928E-5
-0.24885 2.90752E-5 3.66934E-5
-0.24877 2.8075E-5 3.39766E-5
-0.2487 2.70797E-5 3.18194E-5
-0.24863 2.61051E-5 3.03254E-5
-0.24855 2.517E-5 2.95352E-5
-0.24848 2.42954E-5 2.94369E-5
-0.24841 2.34973E-5 2.99839E-5
-0.24833 2.27736E-5 3.11072E-5
-0.24826 2.20945E-5 3.27427E-5
-0.24819 2.14189E-5 3.48432E-5
-0.24811 2.07231E-5 3.7391E-5
-0.24804 2.00085E-5 4.04069E-5
-0.24796 1.92887E-5 4.39594E-5
-0.24789 1.85763E-5 4.81703E-5
-0.24782 1.78787E-5 5.32018E-5
-0.24774 1.71979E-5 5.91819E-5
-0.24767 1.65317E-5 6.60082E-5
-0.2476 1.58731E-5 7.31401E-5
-0.24752 1.52085E-5 8.03615E-5
-0.24745 1.45091E-5 9.28329E-5
-0.24738 1.36823E-5 1.33712E-4
-0.2473 1.37415E-5 2.9883E-4
-0.24723 1.41962E-5 3.12996E-4
-0.24716 1.4415E-5 2.89213E-4
-0.24708 1.45464E-5 2.72698E-4
-0.24701 1.46255E-5 2.59181E-4
-0.24694 1.46696E-5 2.47495E-4
-0.24686 1.46885E-5 2.372E-4
-0.24679 1.46882E-5 2.28096E-4
-0.24671 1.46727E-5 2.20074E-4
-0.24664 1.46447E-5 2.12676E-4
-0.24657 1.46062E-5 2.06017E-4
-0.24649 1.45586E-5 2.00096E-4
-0.24642 1.45033E-5 1.95276E-4
-0.24635 1.44408E-5 1.91266E-4
